 Backward 1    Backward 2      Error B1            Error B2 
-----------------------------------------------------------------
-1.7182818    -0.2420356       0.71828182846       0.75796439255 
-1.2974425    -0.8766033       0.29744254140       0.12339674566 
-1.1361017    -0.9747608       0.13610166675       0.02523920790 
-1.0651876    -0.9942736       0.06518762453       0.00572641768 
-1.0319113    -0.9986351       0.03191134269       0.00136493916 
-1.0157890    -0.9996667       0.01578903997       0.00033326274 
-1.0078533    -0.9999177       0.00785334955       0.00008234088 
-1.0039164    -0.9999795       0.00391644243       0.00002046470 
-1.0019557    -0.9999949       0.00195567062       0.00000510119 
-1.0009772    -0.9999987       0.00097719859       0.00000127343 
-1.0004884    -0.9999997       0.00048844023       0.00000031812 
-1.0002442    -0.9999999       0.00024418037       0.00000007950 
-1.0001221    -1.0000000       0.00012208025       0.00000001987 
-1.0000610    -1.0000000       0.00006103764       0.00000000497 
-1.0000305    -1.0000000       0.00003051820       0.00000000124 
